t1_T	wave_T
0	0
0.0500834724540902	0.126848245104825
0.10016694490818	0.253639788072894
0.15025041736227	0.380317952113737
0.200333889816361	0.506826111118136
0.250417362270451	0.633107714970425
0.300500834724541	0.759106314826825
0.350584307178631	0.88476558834851
0.400667779632721	1.01002936487812
0.450751252086811	1.13484165054849
0.500834724540901	1.25914665331232
0.550918196994992	1.38288880788164
0.601001669449082	1.50601280056595
0.651085141903172	1.62846359399783
0.701168614357262	1.75018645173511
0.751252086811352	1.87112696272841
0.801335559265442	1.99123106564336
0.851419031719533	2.1104450730264
0.901502504173623	2.22871569530347
0.951585976627713	2.34599006460091
1.0016694490818	2.46221575837774
1.05175292153589	2.57734082285897
1.10183639398998	2.69131379625935
1.15191986644407	2.80408373178715
1.20200333889816	2.91560022041778
1.25208681135225	3.02581341342701
1.30217028380634	3.13467404467374
1.35225375626043	3.24213345262233
1.40233722871452	3.34814360209467
1.45242070116861	3.45265710574229
1.5025041736227	3.55562724522888
1.55258764607679	3.65700799211371
1.60267111853088	3.75675402842671
1.65275459098498	3.85482076692597
1.70283806343907	3.95116437102853
1.75292153589316	4.04574177440572
1.80300500834725	4.13851070023412
1.85308848080134	4.22942968009361
1.90317195325543	4.31845807250409
1.95325542570952	4.4055560810925
2.00333889816361	4.49068477238217
2.0534223706177	4.5738060931963
2.10350584307179	4.6548828876681
2.15358931552588	4.73387891384967
2.20367278797997	4.81075885991249
2.25375626043406	4.88548835993205
2.30383973288815	4.95803400924969
2.35392320534224	5.02836337940473
2.40400667779633	5.09644503263024
2.45409015025042	5.16224853590598
2.50417362270451	5.22574447456215
2.5542570951586	5.28690446542804
2.60434056761269	5.34570116951947
2.65442404006678	5.40210830425954
2.70450751252087	5.45610065522714
2.75459098497496	5.50765408742802
2.80467445742905	5.55674555608326
2.85475792988314	5.60335311693052
2.90484140233723	5.64745593603324
2.95492487479132	5.68903429909363
3.00500834724541	5.72806962026507
3.0550918196995	5.76454445046011
3.10517529215359	5.79844248515039
3.15525876460768	5.82974857165488
3.20534223706177	5.85844871591322
3.25542570951586	5.88453008874118
3.30550918196995	5.90798103156542
3.35559265442404	5.92879106163495
3.40567612687813	5.94695087670701
3.45575959933222	5.9624523592052
3.50584307178631	5.97528857984819
3.5559265442404	5.98545380074705
3.60601001669449	5.99294347797021
3.65609348914858	5.99775426357463
3.70617696160267	5.99988400710228
3.75626043405676	5.99933175654153
3.80634390651085	5.99609775875258
3.85642737896494	5.99018345935722
3.90651085141903	5.98159150209256
3.95659432387312	5.97032572762927
4.00667779632721	5.9563911718548
4.0567612687813	5.93979406362227
4.10684474123539	5.92054182196613
4.15692821368948	5.8986430527858
4.20701168614357	5.87410754499876
4.25709515859766	5.84694626616487
4.30717863105175	5.81717135758369
4.35726210350584	5.78479612886736
4.40734557595993	5.74983505199096
4.45742904841402	5.71230375482355
4.50751252086811	5.6722190141423
4.5575959933222	5.62959874813322
4.60767946577629	5.58446200838151
4.65776293823038	5.53682897135543
4.70784641068447	5.48672092938722
4.75792988313856	5.4341602811553
4.80801335559265	5.37917052167184
4.85809682804674	5.32177623178036
4.90818030050083	5.26200306716786
4.95826377295492	5.19987774689658
5.00834724540902	5.13542804146032
5.05843071786311	5.06868276037087
5.1085141903172	4.9996717392799
5.15859766277129	4.92842582664221
5.20868113522538	4.85497686992624
5.25876460767947	4.77935770137798
5.30884808013356	4.70160212334475
5.35893155258765	4.62174489316524
5.40901502504174	4.53982170763278
5.45909849749583	4.45586918703851
5.50918196994992	4.36992485880192
5.55926544240401	4.28202714069576
5.6093489148581	4.19221532367298
5.65943238731219	4.10052955430343
5.70951585976628	4.007010816828
5.75959933222037	3.91170091483835
5.80968280467446	3.81464245259039
5.85976627712855	3.71587881595987
5.90984974958264	3.61545415304853
5.95993322203673	3.51341335444958
6.01001669449082	3.40980203318125
6.06010016694491	3.30466650429743
6.110183639399	3.19805376418449
6.16026711185309	3.09001146955353
6.21035058430718	2.98058791613745
6.26043405676127	2.86983201710242
6.31051752921536	2.75779328118329
6.36060100166945	2.64452179055283
6.41068447412354	2.53006817843459
6.46076794657763	2.4144836064695
6.51085141903172	2.29781974184616
6.56093489148581	2.1801287342053
6.6110183639399	2.06146319232841
6.66110183639399	1.94187616062126
6.71118530884808	1.82142109540261
6.76126878130217	1.70015184100888
6.81135225375626	1.57812260572524
6.86143572621035	1.45538793755418
6.91151919866444	1.33200269983207
6.96160267111853	1.20802204670485
7.01168614357262	1.0835013984737
7.06176961602671	0.958496416821768
7.1118530884808	0.833062979932926
7.16193656093489	0.707257157513828
7.21202003338898	0.581135185730309
7.26210350584307	0.454753442069389
7.31218697829716	0.328168420138113
7.36227045075125	0.201436704410461
7.41235392320534	0.0746149449336666
7.46243739565943	-0.0522401679947941
7.51252086811352	-0.179071929168189
7.56260434056761	-0.305823643818208
7.6126878130217	-0.432438652957946
7.66277128547579	-0.558860358708907
7.71285475792988	-0.685032249600695
7.76293823038397	-0.810897925832059
7.81302170283806	-0.936401124482054
7.86310517529215	-1.06148574465999
7.91318864774624	-1.18609587258294
7.96327212020033	-1.31017580656968
8.01335559265442	-1.43367008193972
8.06343906510851	-1.55652349580644
8.1135225375626	-1.67868113175324
8.16360601001669	-1.80008838438156
8.21368948247078	-1.92069098371995
8.26377295492487	-2.04043501948313
8.31385642737897	-2.15926696517031
8.36393989983305	-2.27713370199193
8.41402337228715	-2.39398254261423
8.46410684474124	-2.5097612547108
8.51419031719533	-2.62441808431088
8.56427378964942	-2.73790177893381
8.61435726210351	-2.8501616104992
8.6644407345576	-2.96114739800285
8.71452420701169	-3.070809529948
8.76460767946578	-3.17909898652205
8.81469115191987	-3.28596736150882
8.86477462437396	-3.39136688392646
8.91485809682805	-3.49525043938147
8.96494156928214	-3.59757159112921
9.01502504173623	-3.69828460083143
9.06510851419032	-3.79734444900169
9.11519198664441	-3.89470685512944
9.1652754590985	-3.99032829747368
9.21535893155259	-4.08416603251758
9.26544240400668	-4.17617811407512
9.31552587646077	-4.26632341204137
9.36560934891486	-4.35456163077796
9.41569282136895	-4.44085332712551
9.46577629382304	-4.52515992803509
9.51585976627713	-4.6074437478106
9.56594323873122	-4.68766800495462
9.61602671118531	-4.76579683860998
9.6661101836394	-4.84179532458985
9.71619365609349	-4.91562949098912
9.76627712854758	-4.98726633337011
9.81636060100167	-5.05667382951581
9.86644407345576	-5.12382095374402
9.91652754590985	-5.18867769077612
9.96661101836394	-5.25121504915408
10.016694490818	-5.31140507419991
10.0667779632721	-5.36922086051156
10.1168614357262	-5.42463656398991
10.1669449081803	-5.4776274133912
10.2170283806344	-5.52816972140006
10.2671118530885	-5.57624089521782
10.3171953255426	-5.62181944666173
10.3672787979967	-5.66488500177035
10.4173622704508	-5.7054183099108
10.4674457429048	-5.74340125238401
10.5175292153589	-5.7788168505239
10.567612687813	-5.81164927328692
10.6176961602671	-5.84188384432873
10.6677796327212	-5.8695070485646
10.7178631051753	-5.89450653821072
10.7679465776294	-5.91687113830383
10.8180300500835	-5.93659085169646
10.8681135225376	-5.95365686352573
10.9181969949917	-5.96806154515369
10.9682804674457	-5.97979845757737
11.0183639398998	-5.98886235430706
11.0684474123539	-5.99524918371151
11.118530884808	-5.99895609082909
11.1686143572621	-5.99998141864393
11.2186978297162	-5.99832470882666
11.2687813021703	-5.99398670193923
11.3188647746244	-5.98696933710394
11.3689482470785	-5.97727575113661
11.4190317195326	-5.96491027714438
11.4691151919866	-5.94987844258879
11.5191986644407	-5.93218696681499
11.5692821368948	-5.91184375804808
11.6193656093489	-5.88885790985816
11.669449081803	-5.86323969709535
11.7195325542571	-5.83500057129688
11.7696160267112	-5.80415315556822
11.8196994991653	-5.77071123894035
11.8697829716194	-5.73468977020607
11.9198664440735	-5.69610485123769
11.9699499165275	-5.6549737297894
12.0200333889816	-5.61131479178741
12.0701168614357	-5.56514755311127
12.1202003338898	-5.51649265087015
12.1702838063439	-5.46537183417786
12.220367278798	-5.41180795443087
12.2704507512521	-5.35582495509353
12.3205342237062	-5.29744786099516
12.3706176961603	-5.23670276714379
12.4207011686144	-5.17361682706145
12.4707846410684	-5.10821824064636
12.5208681135225	-5.04053624156738
12.5709515859766	-4.97060108419627
12.6210350584307	-4.89844403008385
12.6711185308848	-4.82409733398576
12.7212020033389	-4.74759422944437
12.771285475793	-4.66896891393315
12.8213689482471	-4.58825653357012
12.8714524207012	-4.50549316740727
12.9215358931553	-4.42071581130292
12.9716193656093	-4.33396236138436
13.0217028380634	-4.24527159710791
13.0717863105175	-4.15468316392424
13.1218697829716	-4.06223755555656
13.1719532554257	-3.96797609589963
13.2220367278798	-3.87194092054759
13.2721202003339	-3.77417495795911
13.322203672788	-3.674721910268
13.3722871452421	-3.57362623374803
13.4223706176962	-3.47093311894062
13.4724540901503	-3.36668847045435
13.5225375626043	-3.26093888644522
13.5726210350584	-3.15373163778695
13.6227045075125	-3.04511464694049
13.6727879799666	-2.93513646653239
13.7228714524207	-2.82384625765128
13.7729549248748	-2.71129376787265
13.8230383973289	-2.59752930902114
13.873121869783	-2.48260373468089
13.9232053422371	-2.36656841746355
13.9732888146912	-2.24947522604431
14.0233722871452	-2.13137650197625
14.0734557595993	-2.01232503629324
14.1235392320534	-1.89237404591192
14.1736227045075	-1.7715771498434
14.2237061769616	-1.64998834522507
14.2737896494157	-1.52766198318352
14.3238731218698	-1.40465274453918
14.3739565943239	-1.2810156153635
14.424040066778	-1.15680586239986
14.4741235392321	-1.03207900835879
14.5242070116861	-0.906890807099031
14.5742904841402	-0.781297218705019
14.6243739565943	-0.655354384472357
14.6744574290484	-0.529118601812205
14.7245409015025	-0.402646299085933
14.7746243739566	-0.275994010381157
14.8247078464107	-0.149218350240643
14.8747913188648	-0.0223759883550917
14.9248747913189	0.104476375768567
14.974958263773	0.231282038152349
15.025041736227	0.3579843156943
15.0751252086811	0.484526571506281
15.1252086811352	0.61085224023109
15.1752921535893	0.736904853327615
15.2253756260434	0.862628064312698
15.2754590984975	0.987965673948445
15.3255425709516	1.11286165536372
15.3756260434057	1.23726017909859
15.4257095158598	1.3611056380605
15.4757929883139	1.48434267238108
15.5258764607679	1.60691619416246
15.575959933222	1.72877141210192
15.6260434056761	1.84985385598409
15.6761268781302	1.9701094010295
15.7262103505843	2.08948429208878
15.7762938230384	2.20792516767168
15.8263772954925	2.32537908379996
15.8764607679466	2.44179353767386
15.9265442404007	2.55711649114117
15.9766277128548	2.67129639395876
16.0267111853088	2.78428220683586
16.0767946577629	2.89602342424905
16.126878130217	3.00647009701861
16.1769616026711	3.1155728546362
16.2270450751252	3.22328292733384
16.2771285475793	3.32955216788437
16.3272120200334	3.43433307312361
16.3772954924875	3.5375788051847
16.4273789649416	3.63924321243491
16.4774624373957	3.73928085010582
16.5275459098497	3.83764700060748
16.5776293823038	3.93429769351748
16.6277128547579	4.02918972523609
16.677796327212	4.12228067829862
16.7278797996661	4.2135289403363
16.7779632721202	4.30289372267738
16.8280467445743	4.39033507857995
16.8781302170284	4.47581392108842
16.9282136894825	4.55929204050575
16.9782971619366	4.64073212147341
17.0283806343907	4.72009775965168
17.0784641068447	4.79735347799265
17.1285475792988	4.87246474259871
17.1786310517529	4.94539797815951
17.228714524207	5.01612058296035
17.2787979966611	5.08460094345541
17.3288814691152	5.15080844839923
17.3789649415693	5.2147135025302
17.4290484140234	5.27628753979984
17.4791318864775	5.33550303614206
17.5292153589316	5.39233352177663
17.5792988313856	5.44675359304134
17.6293823038397	5.49873892374768
17.6794657762938	5.5482662760548
17.7295492487479	5.59531351085704
17.779632721202	5.63985959768021
17.8297161936561	5.68188462408246
17.8797996661102	5.72136980455522
17.9298831385643	5.7582974889205
17.9799666110184	5.79265117022066
18.0300500834725	5.82441549209715
18.0801335559265	5.85357625565487
18.1302170283806	5.88012042580926
18.1803005008347	5.90403613711302
18.2303839732888	5.9253126990601
18.2804674457429	5.9439406008644
18.330550918197	5.95991151571119
18.3806343906511	5.97321830447927
18.4307178631052	5.98385501893216
18.4808013355593	5.99181690437707
18.5308848080134	5.99710040179025
18.5809682804674	5.9997031494079
18.6310517529215	5.99962398378191
18.6811352253756	5.99686294029991
18.7312186978297	5.99142125316949
18.7813021702838	5.98330135486646
18.8313856427379	5.97250687504752
18.881469115192	5.95904263892781
18.9315525876461	5.94291466512394
18.9816360601002	5.9241301629637
19.0317195325543	5.90269752926338
19.0818030050083	5.87862634457433
19.1318864774624	5.8519273689004
19.1819699499165	5.82261253688814
19.2320534223706	5.7906949524919
19.2821368948247	5.75618888311629
19.3322203672788	5.71910975323849
19.3823038397329	5.67947413751347
19.432387312187	5.6372997533649
19.4824707846411	5.59260545306542
19.5325542570952	5.54541121530944
19.5826377295492	5.49573813628258
19.6327212020033	5.44360842023148
19.6828046744574	5.38904536953834
19.7328881469115	5.33207337430457
19.7829716193656	5.27271790144824
19.8330550918197	5.21100548332017
19.8831385642738	5.14696370584374
19.9332220367279	5.08062119618382
19.983305509182	5.01200760995017
20.0333889816361	4.94115361794116
20.0834724540901	4.86809089243371
20.1335559265442	4.7928520930255
20.1836393989983	4.71547085203593
20.2337228714524	4.63598175947219
20.2838063439065	4.55442034756724
20.3338898163606	4.47082307489668
20.3839732888147	4.38522731008141
20.4340567612688	4.29767131508369
20.4841402337229	4.20819422810363
20.534223706177	4.11683604608418
20.5843071786311	4.02363760683217
20.6343906510851	3.92864057076352
20.6844741235392	3.83188740228066
20.7345575959933	3.73342135079069
20.7846410684474	3.63328643137252
20.8347245409015	3.5315274051018
20.8848080133556	3.42818975904237
20.9348914858097	3.32331968591321
20.9849749582638	3.21696406343993
21.0350584307179	3.10917043340007
21.085141903172	2.99998698037158
21.135225375626	2.88946251019389
21.1853088480801	2.77764642815139
21.2353923205342	2.66458871688886
21.2854757929883	2.55033991406885
21.3355592654424	2.43495108978094
21.3856427378965	2.31847382371306
21.4357262103506	2.2009601820949
21.4858096828047	2.08246269442402
21.5358931552588	1.96303432998466
21.5859766277129	1.84272847417011
21.6360601001669	1.72159890461903
21.686143572621	1.5996997671764
21.7362270450751	1.47708555168998
21.7863105175292	1.35381106765286
21.8363939899833	1.22993141970325
21.8864774624374	1.10550198299223
21.9365609348915	0.980578378430705
21.9866444073456	0.855216447826363
22.0367278797997	0.729472228922001
22.0868113522538	0.603401930346203
22.1368948247078	0.477061906487701
22.1869782971619	0.350508632304433
22.237061769616	0.223798678078907
22.2871452420701	0.0969886841307874
22.3372287145242	-0.0298646645017083
22.3873121869783	-0.156704663400507
22.4373956594324	-0.283474614114989
22.4874791318865	-0.41011784950659
22.5375626043406	-0.536577759079444
22.5876460767947	-0.662797814285759
22.6377295492487	-0.788721593794463
22.6878130217028	-0.914292808712018
22.7378964941569	-1.03945532774394
22.787979966611	-1.16415320228591
22.8380634390651	-1.28833069143329
22.8881469115192	-1.41193228689767
22.9382303839733	-1.53490273781957
22.9883138564274	-1.6571870754659
23.0383973288815	-1.77873063780148
23.0884808013356	-1.89947909392337
23.1385642737897	-2.0193784683472
23.1886477462437	-2.13837516513459
23.2387312186978	-2.256415991851
23.2888146911519	-2.37344818334314
23.338898163606	-2.48941942532537
23.3889816360601	-2.6042778777646
23.4390651085142	-2.71797219805318
23.4891485809683	-2.83045156395947
23.5392320534224	-2.94166569634574
23.5893155258765	-3.05156488164331
23.6393989983306	-3.16009999407492
23.6894824707846	-3.26722251761431
23.7395659432387	-3.37288456767333
23.7896494156928	-3.4770389125066
23.8397328881469	-3.57963899432453
23.889816360601	-3.68063895010501
23.9398998330551	-3.77999363209451
23.9899833055092	-3.87765862798951
24.0400667779633	-3.97359028078905
24.0901502504174	-4.06774570830987
24.1402337228715	-4.16008282235496
24.1903171953255	-4.25056034752739
24.2404006677796	-4.33913783968068
24.2904841402337	-4.42577570399765
24.3405676126878	-4.51043521268963
24.3906510851419	-4.59307852230804
24.440734557596	-4.67366869066074
24.4908180300501	-4.75216969332545
24.5409015025042	-4.82854643975294
24.5909849749583	-4.9027647889528
24.6410684474124	-4.97479156475469
24.6911519198664	-5.04459457063837
24.7412353923205	-5.11214260412575
24.7913188647746	-5.17740547072872
24.8414023372287	-5.24035399744623
24.8914858096828	-5.30096004580486
24.9415692821369	-5.35919652443698
24.991652754591	-5.41503740119077
25.0417362270451	-5.46845771476679
25.0918196994992	-5.51943358587584
25.1419031719533	-5.56794222791327
25.1919866444073	-5.61396195714468
25.2420701168614	-5.65747220239875
25.2921535893155	-5.69845351426275
25.3422370617696	-5.73688757377648
25.3923205342237	-5.77275720062109
25.4424040066778	-5.80604636079874
25.4924874791319	-5.83674017379997
25.542570951586	-5.86482491925535
25.5926544240401	-5.89028804306864
25.6427378964942	-5.91311816302855
25.6928213689482	-5.93330507389665
25.7429048414023	-5.95083975196922
25.7929883138564	-5.96571435911093
25.8430717863105	-5.97792224625849
25.8931552587646	-5.98745795639288
25.9432387312187	-5.99431722697865
25.9933222036728	-5.99849699186935
26.0434056761269	-5.99999538267806
26.093489148581	-5.99881172961261
26.1435726210351	-5.994946561775
26.1936560934891	-5.98840160692484
26.2437395659432	-5.97917979070705
26.2938230383973	-5.96728523534409
26.3439065108514	-5.95272325779328
26.3939899833055	-5.93550036737008
26.4440734557596	-5.91562426283836
26.4941569282137	-5.89310382896904
26.5442404006678	-5.86794913256847
26.5943238731219	-5.84017141797854
26.644407345576	-5.80978310205036
26.6944908180301	-5.77679776859379
26.7445742904841	-5.74123016230545
26.7946577629382	-5.70309618217766
26.8447412353923	-5.66241287439151
26.8948247078464	-5.61919842469706
26.9449081803005	-5.5734721502842
26.9949916527546	-5.52525449114767
27.0450751252087	-5.47456700095031
27.0951585976628	-5.42143233738828
27.1452420701169	-5.36587425206303
27.195325542571	-5.30791757986407
27.245409015025	-5.24758822786761
27.2954924874791	-5.1849131637559
27.3455759599332	-5.11992040376245
27.3956594323873	-5.05263900014859
27.4457429048414	-4.98309902821686
27.4958263772955	-4.91133157286715
27.5459098497496	-4.83736871470148
27.5959933222037	-4.76124351568371
27.6460767946578	-4.68299000436067
27.6961602671119	-4.60264316065104
27.7462437395659	-4.52023890020914
27.79632721202	-4.43581405837028
27.8464106844741	-4.34940637368517
27.8964941569282	-4.26105447105042
27.9465776293823	-4.17079784444297
27.9966611018364	-4.07867683926594
28.0467445742905	-3.98473263431396
28.0968280467446	-3.88900722336592
28.1469115191987	-3.79154339641342
28.1969949916528	-3.69238472053331
28.2470784641068	-3.59157552041292
28.2971619365609	-3.48916085853652
28.347245409015	-3.38518651504211
28.3973288814691	-3.27969896725729
28.4474123539232	-3.17274536892356
28.4974958263773	-3.06437352911824
28.5475792988314	-2.95463189088349
28.5976627712855	-2.84356950957182
28.6477462437396	-2.73123603091797
28.6978297161937	-2.61768166884699
28.7479131886477	-2.50295718302814
28.7979966611018	-2.38711385618495
28.8480801335559	-2.27020347117146
28.89816360601	-2.15227828782486
28.9482470784641	-2.033391019605
28.9983305509182	-1.91359481003102
29.0484140233723	-1.79294320892579
29.0984974958264	-1.67149014847876
29.1485809682805	-1.54928991913784
29.1986644407346	-1.42639714534115
29.2487479131886	-1.30286676109949
29.2988313856427	-1.1787539854404
29.3489148580968	-1.05411429772486
29.3989983305509	-0.929003412847584
29.449081803005	-0.803477256331973
29.4991652754591	-0.677591939331075
29.5492487479132	-0.5514037335454
29.5993322203673	-0.424969046069099
29.6494156928214	-0.298344394175501
29.6994991652755	-0.171586380053466
29.7495826377295	-0.0447516655058102
29.7996661101836	0.0821030533789508
29.8497495826377	0.208921071570241
29.8998330550918	0.335645700442955
29.9499165275459	0.46222029311777
30	0.588588269782628
