t1_T	pitch_wave_rad_T
0	0.198266101431085
0.0500834724540902	0.198221788198417
0.10016694490818	0.198088868308768
0.15025041736227	0.197867401178347
0.200333889816361	0.197557485804655
0.250417362270451	0.197159260722239
0.300500834724541	0.196672903940759
0.350584307178631	0.19609863286542
0.400667779632721	0.195436704199789
0.450751252086811	0.194687413831048
0.500834724540901	0.193851096697729
0.550918196994992	0.192928126639993
0.601001669449082	0.191918916232522
0.651085141903172	0.190823916600097
0.701168614357262	0.189643617215935
0.751252086811352	0.188378545682899
0.801335559265442	0.18702926749765
0.851419031719533	0.185596385797867
0.901502504173623	0.18408054109264
0.951585976627713	0.18248241097616
1.0016694490818	0.180802709824822
1.05175292153589	0.179042188477904
1.10183639398998	0.177201633901925
1.15191986644407	0.175281868838873
1.20200333889816	0.17328375143843
1.25208681135225	0.171208174874373
1.30217028380634	0.169056066945315
1.35225375626043	0.166828389659981
1.40233722871452	0.16452613880717
1.45242070116861	0.162150343510643
1.5025041736227	0.159702065769085
1.55258764607679	0.157182399981393
1.60267111853088	0.154592472457465
1.65275459098498	0.151933440914734
1.70283806343907	0.149206493960658
1.75292153589316	0.146412850561403
1.80300500834725	0.143553759496959
1.85308848080134	0.140630498802921
1.90317195325543	0.137644375199201
1.95325542570952	0.134596723505912
2.00333889816361	0.131488906046697
2.0534223706177	0.128322312039753
2.10350584307179	0.125098356976845
2.15358931552588	0.121818481990572
2.20367278797997	0.118484153210163
2.25375626043406	0.115096861106113
2.30383973288815	0.111658119823926
2.35392320534224	0.108169466507283
2.40400667779633	0.104632460610928
2.45409015025042	0.101048683203577
2.50417362270451	0.0974197362611686
2.5542570951586	0.0937472419507717
2.60434056761269	0.0900328419054606
2.65442404006678	0.0862781964904944
2.70450751252087	0.0824849840611204
2.75459098497496	0.0786549002123368
2.80467445742905	0.0747896570209485
2.85475792988314	0.0708909822802556
2.90484140233723	0.066960618727717
2.95492487479132	0.0630003232659327
3.00500834724541	0.0590118661772958
3.0550918196995	0.0549970303326619
3.10517529215359	0.0509576103943924
3.15525876460768	0.0468954120141271
3.20534223706177	0.0428122510256436
3.25542570951586	0.0387099526331658
3.30550918196995	0.0345903505954838
3.35559265442404	0.0304552864062497
3.40567612687813	0.0263066084708155
3.45575959933222	0.0221461712799821
3.50584307178631	0.0179758345810276
3.5559265442404	0.0137974625463861
3.60601001669449	0.009612922940348
3.65609348914858	0.0054240862841556
3.70617696160267	0.0012328250198655
3.75626043405676	-0.00295898732664747
3.80634390651085	-0.00714947698317033
3.85642737896494	-0.0113367707687428
3.90651085141903	-0.0155189969309833
3.95659432387312	-0.0196942859827767
4.00667779632721	-0.0238607715379493
4.0567612687813	-0.028016591145558
4.10684474123539	-0.0321598871224196
4.15692821368948	-0.03628880738351
4.20701168614357	-0.04040150626986
4.25709515859766	-0.044496145373579
4.30717863105175	-0.0485708943596378
4.35726210350584	-0.0526239317840419
4.40734557595993	-0.0566534459080309
4.45742904841402	-0.0606576355079402
4.50751252086811	-0.0646347106803611
4.5575959933222	-0.0685828936422416
4.60767946577629	-0.072500419525569
4.65776293823038	-0.0763855371662795
4.70784641068447	-0.0802365098870419
4.75792988313856	-0.0840516162735655
4.80801335559265	-0.087829150944086
4.85809682804674	-0.0915674253116832
4.90818030050083	-0.0952647683390934
4.95826377295492	-0.0989195272856752
5.00834724540902	-0.102530068446197
5.05843071786311	-0.106094777881117
5.1085141903172	-0.109612062138025
5.15859766277129	-0.113080348963928
5.20868113522538	-0.116498088008062
5.25876460767947	-0.119863751514905
5.30884808013356	-0.123175835007101
5.35893155258765	-0.126432857957971
5.40901502504174	-0.129633364453319
5.45909849749583	-0.132775923842238
5.50918196994992	-0.135859131376619
5.55926544240401	-0.138881608839089
5.6093489148581	-0.141842005159082
5.65943238731219	-0.144738997016775
5.70951585976628	-0.147571289434629
5.75959933222037	-0.150337616356247
5.80968280467446	-0.153036741212316
5.85976627712855	-0.15566745747336
5.90984974958264	-0.158228589189067
5.95993322203673	-0.160718991513953
6.01001669449082	-0.163137551219111
6.06010016694491	-0.165483187189834
6.110183639399	-0.167754850908886
6.16026711185309	-0.169951526925191
6.21035058430718	-0.172072233307751
6.26043405676127	-0.174116022084576
6.31051752921536	-0.176081979666435
6.36060100166945	-0.177969227255238
6.41068447412354	-0.179776921236861
6.46076794657763	-0.181504253558256
6.51085141903172	-0.18315045208865
6.56093489148581	-0.184714780964695
6.6110183639399	-0.186196540919406
6.66110183639399	-0.18759506959474
6.71118530884808	-0.188909741837671
6.76126878130217	-0.19013996997964
6.81135225375626	-0.19128520409925
6.86143572621035	-0.192344932268079
6.91151919866444	-0.193318680779524
6.96160267111853	-0.194206014360543
7.01168614357262	-0.195006536366234
7.06176961602671	-0.195719888957129
7.1118530884808	-0.19634575325916
7.16193656093489	-0.196883849506191
7.21202003338898	-0.19733393716508
7.26210350584307	-0.197695815043197
7.31218697829716	-0.197969321378361
7.36227045075125	-0.198154333911146
7.41235392320534	-0.198250769939532
7.46243739565943	-0.198258586355877
7.51252086811352	-0.198177779666183
7.56260434056761	-0.198008385991659
7.6126878130217	-0.197750481052574
7.66277128547579	-0.19740418013441
7.71285475792988	-0.19696963803633
7.76293823038397	-0.196447049001979
7.81302170283806	-0.195836646632655
7.86310517529215	-0.195138703782891
7.91318864774624	-0.194353532438485
7.96327212020033	-0.19348148357704
8.01335559265442	-0.192522947011073
8.06343906510851	-0.191478351213768
8.1135225375626	-0.190348163127444
8.16360601001669	-0.189132887954829
8.21368948247078	-0.187833068933229
8.26377295492487	-0.1864492870917
8.31385642737897	-0.184982160991319
8.36393989983305	-0.183432346448686
8.41402337228715	-0.181800536242767
8.46410684474124	-0.180087459805218
8.51419031719533	-0.178293882894323
8.56427378964942	-0.176420607252693
8.61435726210351	-0.174468470248882
8.6644407345576	-0.172438344503077
8.71452420701169	-0.17033113749703
8.76460767946578	-0.168147791168406
8.81469115191987	-0.165889281489731
8.86477462437396	-0.163556618032123
8.91485809682805	-0.161150843514006
8.96494156928214	-0.158673033335011
9.01502504173623	-0.156124295095259
9.06510851419032	-0.153505768100255
9.11519198664441	-0.150818622851616
9.1652754590985	-0.148064060523842
9.21535893155259	-0.145243312427382
9.26544240400668	-0.142357639458233
9.31552587646077	-0.139408331534306
9.36560934891486	-0.136396707018823
9.41569282136895	-0.133324112131001
9.46577629382304	-0.13019192034428
9.51585976627713	-0.127001531772369
9.56594323873122	-0.123754372543388
9.61602671118531	-0.120451894162372
9.6661101836394	-0.117095572862443
9.71619365609349	-0.113686908944919
9.76627712854758	-0.110227426108669
9.81636060100167	-0.106718670769009
9.86644407345576	-0.103162211366439
9.91652754590985	-0.0995596376655412
9.96661101836394	-0.0959125600443432
10.016694490818	-0.0922226087744649
10.0667779632721	-0.0884914332923756
10.1168614357262	-0.0847207014620824
10.1669449081803	-0.0809120988295842
10.2170283806344	-0.0770673278694172
10.2671118530885	-0.0731881072236378
10.3171953255426	-0.0692761709335754
10.3672787979967	-0.0653332676647027
10.4173622704508	-0.0613611599249692
10.4674457429048	-0.0573616232769464
10.5175292153589	-0.0533364455441377
10.567612687813	-0.0492874260118084
10.6176961602671	-0.0452163746226894
10.6677796327212	-0.0411251111679216
10.7178631051753	-0.0370154644735933
10.7679465776294	-0.0328892715832418
10.8180300500835	-0.0287483769366807
10.8681135225376	-0.024594631545521
10.9181969949917	-0.0204298921657553
10.9682804674457	-0.016256020467773
11.0183639398998	-0.0120748822041798
11.0684474123539	-0.00788834637579165
11.118530884808	-0.00369828439617757
11.1686143572621	0.000493430744877145
11.2186978297162	0.00468492531861067
11.2687813021703	0.00887432569485768
11.3188647746244	0.0130597591795737
11.3689482470785	0.0172393548519467
11.4190317195326	0.0214112444007101
11.4691151919866	0.0255735629592943
11.5191986644407	0.0297244499394354
11.5692821368948	0.0338620498628726
11.6193656093489	0.0379845131907613
11.669449081803	0.0420899971504308
11.7195325542571	0.046176666559118
11.7696160267112	0.0502426946443084
11.8196994991653	0.0542862638603171
11.8697829716194	0.0583055667007449
11.9198664440735	0.0622988065064498
11.9699499165275	0.0662641982686641
12.0200333889816	0.0701999694269105
12.0701168614357	0.074104360661347
12.1202003338898	0.0779756266791986
12.1702838063439	0.0818120369949155
12.220367278798	0.0856118767037137
12.2704507512521	0.0893734472481504
12.3205342237062	0.0930950671773925
12.3706176961603	0.0967750728988371
12.4207011686144	0.100411819421752
12.4707846410684	0.104003681092597
12.5208681135225	0.107549052321704
12.5709515859766	0.111046348300989
12.6210350584307	0.114494005712374
12.6711185308848	0.117890483426599
12.7212020033389	0.121234263192121
12.771285475793	0.124523850313783
12.8213689482471	0.127757774320956
12.8714524207012	0.130934589624849
12.9215358931553	0.134052876164697
12.9716193656093	0.137111240042544
13.0217028380634	0.14010831414632
13.0717863105175	0.143042758760953
13.1218697829716	0.145913262167234
13.1719532554257	0.148718541228162
13.2220367278798	0.151457341962519
13.2721202003339	0.154128440105408
13.322203672788	0.156730641655508
13.3722871452421	0.159262783408802
13.4223706176962	0.161723733478541
13.4724540901503	0.1641123918012
13.5225375626043	0.166427690628221
13.5726210350584	0.168668595003302
13.6227045075125	0.17083410322503
13.6727879799666	0.172923247294649
13.7228714524207	0.174935093348766
13.7729549248748	0.176868742076792
13.8230383973289	0.178723329122939
13.873121869783	0.180498025472598
13.9232053422371	0.182192037822915
13.9732888146912	0.183804608937398
14.0233722871452	0.185335017984412
14.0734557595993	0.186782580859397
14.1235392320534	0.188146650490664
14.1736227045075	0.189426617128644
14.2237061769616	0.19062190861845
14.2737896494157	0.191731990655635
14.3238731218698	0.192756367025028
14.3739565943239	0.19369457982255
14.424040066778	0.194546209659897
14.4741235392321	0.195310875852011
14.5242070116861	0.19598823658725
14.5742904841402	0.196577989080179
14.6243739565943	0.197079869706918
14.6744574290484	0.197493654122985
14.7245409015025	0.197819157363577
14.7746243739566	0.198056233926254
14.8247078464107	0.198204777835978
14.8747913188648	0.198264722692482
14.9248747913189	0.198236041699958
14.974958263773	0.198118747679028
15.025041736227	0.197912893061019
15.0751252086811	0.19761856986452
15.1252086811352	0.197235909654253
15.1752921535893	0.196765083482263
15.2253756260434	0.196206301811453
15.2754590984975	0.195559814421508
15.3255425709516	0.194825910297242
15.3756260434057	0.194004917499416
15.4257095158598	0.193097203018097
15.4757929883139	0.192103172608609
15.5258764607679	0.191023270610155
15.575959933222	0.189857979747195
15.6260434056761	0.188607820913669
15.6761268781302	0.187273352940146
15.7262103505843	0.185855172344028
15.7762938230384	0.184353913062898
15.8263772954925	0.182770246171151
15.8764607679466	0.181104879580011
15.9265442404007	0.179358557721095
15.9766277128548	0.177532061213646
16.0267111853088	0.175626206515585
16.0767946577629	0.173641845558555
16.126878130217	0.171579865367098
16.1769616026711	0.169441187662144
16.2270450751252	0.167226768449004
16.2771285475793	0.16493759759002
16.3272120200334	0.162574698362092
16.3772954924875	0.160139126999267
16.4273789649416	0.157631972220591
16.4774624373957	0.155054354743446
16.5275459098497	0.152407426782579
16.5776293823038	0.149692371535056
16.6277128547579	0.146910402651358
16.677796327212	0.144062763692877
16.7278797996661	0.14115072757603
16.7779632721202	0.138175596003256
16.8280467445743	0.135138698881147
16.8781302170284	0.132041393725968
16.9282136894825	0.128885065056839
16.9782971619366	0.125671123776839
17.0283806343907	0.122401006542328
17.0784641068447	0.119076175120747
17.1285475792988	0.115698115737197
17.1786310517529	0.112268338410088
17.228714524207	0.108788376276142
17.2787979966611	0.105259784905079
17.3288814691152	0.101684141604257
17.3789649415693	0.0980630447136081
17.4290484140234	0.0943981128911667
17.4791318864775	0.0906909843895176
17.5292153589316	0.0869433163234837
17.5792988313856	0.0831567839293845
17.6293823038397	0.079333079816191
17.6794657762938	0.0754739132089173
17.7295492487479	0.0715810091845845
17.779632721202	0.0676561079010964
17.8297161936561	0.0637009638193773
17.8797996661102	0.0597173449191136
17.9298831385643	0.055707031908454
17.9799666110184	0.0516718174280187
18.0300500834725	0.0476135052495752
18.0801335559265	0.043533909469739
18.1302170283806	0.0394348536990589
18.1803005008347	0.0353181702468482
18.2303839732888	0.0311856993021285
18.2804674457429	0.0270392881110523
18.330550918197	0.0228807901511679
18.3806343906511	0.0187120643029024
18.4307178631052	0.0145349740186272
18.4808013355593	0.0103513864896809
18.5308848080134	0.00616317181172007
18.5809682804674	0.00197220214877174
18.6310517529215	-0.00221964910363714
18.6811352253756	-0.0064105081559021
18.7312186978297	-0.0105985016619404
18.7813021702838	-0.0147817575565894
18.8313856427379	-0.0189584058924368
18.881469115192	-0.0231265796756978
18.9315525876461	-0.0272844157007786
18.9816360601002	-0.0314300553831418
19.0317195325543	-0.0355616455901088
19.0818030050083	-0.0396773394692251
19.1318864774624	-0.0437752972738145
19.1819699499165	-0.0478536871853633
19.2320534223706	-0.0519106861323554
19.2821368948247	-0.0559444806051997
19.3322203672788	-0.0599532674668828
19.3823038397329	-0.0639352547589846
19.432387312187	-0.0678886625026981
19.4824707846411	-0.0718117234944932
19.5325542570952	-0.0757026840960703
19.5826377295492	-0.0795598050182498
19.6327212020033	-0.083381362098448
19.6828046744574	-0.087165647071391
19.7328881469115	-0.0909109683327222
19.7829716193656	-0.0946156516951617
19.8330550918197	-0.0982780411368822
19.8831385642738	-0.101896499541763
19.9332220367279	-0.105469409431194
19.983305509182	-0.108995173687097
20.0333889816361	-0.112472216265856
20.0834724540901	-0.115898982902817
20.1335559265442	-0.119273941807057
20.1836393989983	-0.122595584346105
20.2337228714524	-0.125862425720316
20.2838063439065	-0.129073005626582
20.3338898163606	-0.132225888911104
20.3839732888147	-0.135319666210915
20.4340567612688	-0.138352954583874
20.4841402337229	-0.141324398126855
20.534223706177	-0.144232668581843
20.5843071786311	-0.147076465929679
20.6343906510851	-0.149854518971174
20.6844741235392	-0.15256558589535
20.7345575959933	-0.155208454834534
20.7846410684474	-0.157781944406077
20.8347245409015	-0.160284904240435
20.8848080133556	-0.1627162154954
20.9348914858097	-0.165074791356225
20.9849749582638	-0.167359577521443
21.0350584307179	-0.169569552674144
21.085141903172	-0.171703728938516
21.135225375626	-0.173761152321427
21.1853088480801	-0.175740903138873
21.2353923205342	-0.177642096427082
21.2854757929883	-0.179463882338097
21.3355592654424	-0.181205446519667
21.3856427378965	-0.18286601047927
21.4357262103506	-0.184444831932102
21.4858096828047	-0.185941205132884
21.5358931552588	-0.187354461191341
21.5859766277129	-0.188683968371193
21.6360601001669	-0.189929132372551
21.686143572621	-0.191089396597574
21.7362270450751	-0.19216424239927
21.7863105175292	-0.193153189313336
21.8363939899833	-0.194055795272929
21.8864774624374	-0.194871656806275
21.9365609348915	-0.195600409217022
21.9866444073456	-0.196241726747263
22.0367278797997	-0.196795322723152
22.0868113522538	-0.197260949683049
22.1368948247078	-0.197638399488137
22.1869782971619	-0.197927503415464
22.237061769616	-0.198128132233362
22.2871452420701	-0.198240196259212
22.3372287145242	-0.198263645399537
22.3873121869783	-0.198198469172391
22.4373956594324	-0.198044696712047
22.4874791318865	-0.197802396755973
22.5375626043406	-0.197471677614104
22.5876460767947	-0.197052687120427
22.6377295492487	-0.196545612566903
22.6878130217028	-0.195950680619738
22.7378964941569	-0.195268157218068
22.787979966611	-0.194498347455079
22.8380634390651	-0.19364159544163
22.8881469115192	-0.192698284152429
22.9382303839733	-0.191668835254846
22.9883138564274	-0.190553708920419
23.0383973288815	-0.189353403619158
23.0884808013356	-0.188068455896722
23.1385642737897	-0.186699440134582
23.1886477462437	-0.185246968293264
23.2387312186978	-0.183711689638803
23.2888146911519	-0.182094290452511
23.338898163606	-0.180395493724209
23.3889816360601	-0.178616058829039
23.4390651085142	-0.176756781188026
23.4891485809683	-0.174818491912508
23.5392320534224	-0.172802057432634
23.5893155258765	-0.170708379110053
23.6393989983306	-0.168538392835005
23.6894824707846	-0.166293068607971
23.7395659432387	-0.163973410106071
23.7896494156928	-0.161580454234414
23.8397328881469	-0.159115270662597
23.889816360601	-0.156578961346551
23.9398998330551	-0.153972660035959
23.9899833055092	-0.151297531767462
24.0400667779633	-0.148554772343877
24.0901502504174	-0.145745607799666
24.1402337228715	-0.142871293852889
24.1903171953255	-0.139933115343886
24.2404006677796	-0.136932385660946
24.2904841402337	-0.133870446153214
24.3405676126878	-0.130748665531091
24.3906510851419	-0.127568439254418
24.440734557596	-0.124331188908688
24.4908180300501	-0.121038361569593
24.5409015025042	-0.117691429156164
24.5909849749583	-0.114291887772814
24.6410684474124	-0.11084125704057
24.6911519198664	-0.10734107941779
24.7412353923205	-0.103792919510669
24.7913188647746	-0.10019836337385
24.8414023372287	-0.0965590178014492
24.8914858096828	-0.0928765096088011
24.9415692821369	-0.0891524849052624
24.991652754591	-0.0853886083583883
25.0417362270451	-0.0815865624498119
25.0918196994992	-0.077748046723165
25.1419031719533	-0.0738747770243663
25.1919866444073	-0.0699684847346261
25.2420701168614	-0.0660309159965063
25.2921535893155	-0.0620638309333793
25.3422370617696	-0.0580690028626427
25.3923205342237	-0.0540482175030296
25.4424040066778	-0.0500032721763803
25.4924874791319	-0.0459359750042254
25.542570951586	-0.0418481440995415
25.5926544240401	-0.0377416067540408
25.6427378964942	-0.0336181986213579
25.6928213689482	-0.0294797628964984
25.7429048414023	-0.0253281494919167
25.7929883138564	-0.0211652142105907
25.8430717863105	-0.0169928179164643
25.8931552587646	-0.0128128257026261
25.9432387312187	-0.00862710605759896
25.9933222036728	-0.0044375300301126
26.0434056761269	-0.000245970392727113
26.093489148581	0.00394569919530715
26.1435726210351	0.0081356050255918
26.1936560934891	0.0123218741781406
26.2437395659432	0.0165026353585911
26.2938230383973	0.0206760197346859
26.3439065108514	0.0248401617716571
26.3939899833055	0.0289932000661309
26.4440734557596	0.0331332781781929
26.4941569282137	0.0372585454612291
26.5442404006678	0.0413671578891795
26.5943238731219	0.0454572788808318
26.644407345576	0.0495270801207873
26.6944908180301	0.0535747423767319
26.7445742904841	0.0575984563126469
26.7946577629382	0.0615964232975959
26.8447412353923	0.0655668562097268
26.8948247078464	0.0695079802351288
26.9449081803005	0.0734180336611879
26.9949916527546	0.0772952686640863
27.0450751252087	0.0811379520900912
27.0951585976628	0.0849443662302912
27.1452420701169	0.088712809588422
27.195325542571	0.0924415976414504
27.245409015025	0.096129063592567
27.2954924874791	0.0997735591162592
27.3455759599332	0.103373455095125
27.3956594323873	0.1069271423481
27.4457429048414	0.110433032349772
27.4958263772955	0.11388955794047
27.5459098497496	0.117295174026789
27.5959933222037	0.120648358272266
27.6460767946578	0.123947611777867
27.6961602671119	0.127191459752018
27.7462437395659	0.130378452169836
27.79632721202	0.13350716442131
27.8464106844741	0.13657619794811
27.8964941569282	0.139584180868751
27.9465776293823	0.142529768591838
27.9966611018364	0.145411644417105
28.0467445742905	0.148228520123996
28.0968280467446	0.1509791365475
28.1469115191987	0.153662264141018
28.1969949916528	0.156276703525972
28.2470784641068	0.15882128602794
28.2971619365609	0.161294874199062
28.347245409015	0.163696362326485
28.3973288814691	0.166024676926632
28.4474123539232	0.168278777225048
28.4974958263773	0.170457655621643
28.5475792988314	0.17256033814109
28.5976627712855	0.174585884868205
28.6477462437396	0.176533390368093
28.6978297161937	0.178401984090884
28.7479131886477	0.180190830760877
28.7979966611018	0.181899130749915
28.8480801335559	0.183526120434823
28.89816360601	0.185071072538757
28.9482470784641	0.186533296456295
28.9983305509182	0.187912138562152
29.0484140233723	0.189206982503351
29.0984974958264	0.190417249474734
29.1485809682805	0.1915423984777
29.1986644407346	0.19258192656203
29.2487479131886	0.193535369050711
29.2988313856427	0.194402299747651
29.3489148580968	0.195182331128191
29.3989983305509	0.195875114512331
29.449081803005	0.196480340220595
29.4991652754591	0.196997737712457
29.5492487479132	0.197427075707277
29.5993322203673	0.197768162287684
29.6494156928214	0.198020844985365
29.6994991652755	0.19818501084922
29.7495826377295	0.19826058649585
29.7996661101836	0.198247538142363
29.8497495826377	0.198145871621474
29.8998330550918	0.197955632378894
29.9499165275459	0.197676905453022
30	0.197309815436929
