t1_T	pitch_wave_T
0	11.3598108325138
0.0500834724540902	11.3572718713054
0.10016694490818	11.3496561226152
0.15025041736227	11.3369669907412
0.200333889816361	11.3192101478224
0.250417362270451	11.2963935313037
0.300500834724541	11.2685273403874
0.350584307178631	11.235624031474
0.400667779632721	11.1976983125946
0.450751252086811	11.1547671368359
0.500834724540901	11.1068496947623
0.550918196994992	11.053967405837
0.601001669449082	10.9961439088483
0.651085141903172	10.9334050513419
0.701168614357262	10.8657788780676
0.751252086811352	10.7932956184425
0.801335559265442	10.7159876730387
0.851419031719533	10.6338895990996
0.901502504173623	10.5470380950928
0.951585976627713	10.4554719843057
1.0016694490818	10.3592321974908
1.05175292153589	10.2583617545697
1.10183639398998	10.1529057454026
1.15191986644407	10.0429113096331
1.20200333889816	9.92842761561606
1.25208681135225	9.80950583843929
1.30217028380634	9.68619913704768
1.35225375626043	9.55856263048083
1.40233722871452	9.4266533732344
1.45242070116861	9.29053032975634
1.5025041736227	9.15025434808928
1.55258764607679	9.00588813267102
1.60267111853088	8.85749621630519
1.65275459098498	8.70514493131453
1.70283806343907	8.5489023798899
1.75292153589316	8.38883840364802
1.80300500834725	8.22502455241179
1.85308848080134	8.05753405222693
1.90317195325543	7.88644177262938
1.95325542570952	7.71182419317806
2.00333889816361	7.53375936926793
2.0534223706177	7.35232689723861
2.10350584307179	7.16760787879419
2.15358931552588	6.97968488475021
2.20367278797997	6.78864191812379
2.25375626043406	6.59456437658372
2.30383973288815	6.39753901427699
2.35392320534224	6.19765390304906
2.40400667779633	5.99499839307502
2.45409015025042	5.78966307291944
2.50417362270451	5.58173972904255
2.5542570951586	5.371321304771
2.60434056761269	5.15850185875147
2.65442404006678	4.94337652290576
2.70450751252087	4.72604145990607
2.75459098497496	4.50659382018954
2.80467445742905	4.28513169853132
2.85475792988314	4.06175409019535
2.90484140233723	3.83656084668284
2.95492487479132	3.60965263109779
3.00500834724541	3.38113087314986
3.0550918196995	3.15109772381449
3.10517529215359	2.91965600967066
3.15525876460768	2.68690918693658
3.20534223706177	2.45296129522401
3.25542570951586	2.21791691103173
3.30550918196995	1.98188110099906
3.35559265442404	1.74495937494026
3.40567612687813	1.50725763868083
3.45575959933222	1.26888214671681
3.50584307178631	1.0299394547182
3.5559265442404	0.790536371897747
3.60601001669449	0.55077991326643
3.65609348914858	0.310777251796913
3.70617696160267	0.0706356705164249
3.75626043405676	-0.169537485449598
3.80634390651085	-0.409634856861584
3.85642737896494	-0.649549118356246
3.90651085141903	-0.889173026421821
3.95659432387312	-1.12839946733676
4.00667779632721	-1.36712150505037
4.0567612687813	-1.60523242898406
4.10684474123539	-1.84262580173177
4.15692821368948	-2.0791955066383
4.20701168614357	-2.31483579523431
4.25709515859766	-2.54944133450664
4.30717863105175	-2.78290725398302
4.35726210350584	-3.01512919260995
4.40734557595993	-3.24600334540288
4.45742904841402	-3.47542650984786
4.50751252086811	-3.70329613203383
4.5575959933222	-3.92951035249505
4.60767946577629	-4.15396805174297
4.65776293823038	-4.3765688954675
4.70784641068447	-4.5972133793872
4.75792988313856	-4.81580287372841
4.80801335559265	-5.03223966731358
4.85809682804674	-5.24642701123883
4.90818030050083	-5.45826916212156
4.95826377295492	-5.66767142489837
5.00834724540902	-5.87454019515456
5.05843071786311	-6.07878300096594
5.1085141903172	-6.28030854423457
5.15859766277129	-6.47902674149965
5.20868113522538	-6.67484876420556
5.25876460767947	-6.86768707840886
5.30884808013356	-7.05745548390666
5.35893155258765	-7.24406915276876
5.40901502504174	-7.42744466725641
5.45909849749583	-7.60750005711065
5.50918196994992	-7.78415483619364
5.55926544240401	-7.9573300384666
5.6093489148581	-8.12694825328822
5.65943238731219	-8.29293366001782
5.70951585976628	-8.45521206190775
5.75959933222037	-8.6137109192699
5.80968280467446	-8.76835938190151
5.85976627712855	-8.91908832075574
5.90984974958264	-9.06583035884289
5.95993322203673	-9.20851990134842
6.01001669449082	-9.34709316495434
6.06010016694491	-9.48148820635087
6.110183639399	-9.61164494992552
6.16026711185309	-9.7375052146174
6.21035058430718	-9.85901273992454
6.26043405676127	-9.97611321105283
6.31051752921536	-10.0887542831951
6.36060100166945	-10.1968856049297
6.41068447412354	-10.300458840728
6.46076794657763	-10.3994276925604
6.51085141903172	-10.4937479205926
6.56093489148581	-10.5833773629604
6.6110183639399	-10.6682759546169
6.66110183639399	-10.7484057452416
6.71118530884808	-10.8237309162045
6.76126878130217	-10.8942177965776
6.81135225375626	-10.9598348781856
6.86143572621035	-11.0205528296906
6.91151919866444	-11.0763445097035
6.96160267111853	-11.1271849789162
7.01168614357262	-11.1730515112496
7.06176961602671	-11.2139236040126
7.1118530884808	-11.2497829870669
7.16193656093489	-11.2806136309936
7.21202003338898	-11.3064017542588
7.26210350584307	-11.3271358293741
7.31218697829716	-11.3428065880491
7.36227045075125	-11.3534070253347
7.41235392320534	-11.3589324027542
7.46243739565943	-11.3593802504217
7.51252086811352	-11.3547503681458
7.56260434056761	-11.3450448255194
7.6126878130217	-11.3302679609942
7.66277128547579	-11.310426379942
7.71285475792988	-11.2855289517012
7.76293823038397	-11.255586805613
7.81302170283806	-11.220613326046
7.86310517529215	-11.1806241464132
7.91318864774624	-11.1356371421841
7.96327212020033	-11.0856724228941
8.01335559265442	-11.0307523231553
8.06343906510851	-10.9709013926726
8.1135225375626	-10.9061463852702
8.16360601001669	-10.8365162469324
8.21368948247078	-10.7620421028639
8.26377295492487	-10.6827572435774
8.31385642737897	-10.5986971100121
8.36393989983305	-10.5098992776912
8.41402337228715	-10.4164034399257
8.46410684474124	-10.3182513900709
8.51419031719533	-10.2154870028444
8.56427378964942	-10.1081562147144
8.61435726210351	-9.99630700336468
8.6644407345576	-9.87998936624921
8.71452420701169	-9.75925529824232
8.76460767946578	-9.6341587683968
8.81469115191987	-9.50475569581927
8.86477462437396	-9.37110392467392
8.91485809682805	-9.23326319832575
8.96494156928214	-9.09129513263478
9.01502504173623	-8.94526318841334
9.06510851419032	-8.79523264305857
9.11519198664441	-8.64127056137293
9.1652754590985	-8.48344576558573
9.21535893155259	-8.32182880458903
9.26544240400668	-8.15649192240181
9.31552587646077	-7.98750902587628
9.36560934891486	-7.81495565166097
9.41569282136895	-7.63890893243531
9.46577629382304	-7.45944756243064
9.51585976627713	-7.2766517622534
9.56594323873122	-7.09060324302578
9.61602671118531	-6.90138516986037
9.6661101836394	-6.70908212468457
9.71619365609349	-6.51378006843193
9.76627712854758	-6.31556630261688
9.81636060100167	-6.11452943031035
9.86644407345576	-5.91075931653346
9.91652754590985	-5.70434704808722
9.96661101836394	-5.49538489283596
10.016694490818	-5.28396625846299
10.0667779632721	-5.07018565071658
10.1168614357262	-4.85413863116514
10.1669449081803	-4.63592177448058
10.2170283806344	-4.41563262526855
10.2671118530885	-4.19336965446538
10.3171953255426	-3.96923221532074
10.3672787979967	-3.743320498986
10.4173622704508	-3.51573548972802
10.4674457429048	-3.28657891978841
10.5175292153589	-3.05595322390844
10.567612687813	-2.82396149353993
10.6176961602671	-2.59070743076254
10.6677796327212	-2.35629530192824
10.7178631051753	-2.12082989105334
10.7679465776294	-1.88441645297931
10.8180300500835	-1.64716066632304
10.8681135225376	-1.40916858623767
10.9181969949917	-1.17054659700516
10.9682804674457	-0.931401364481676
11.0183639398998	-0.691839788417125
11.0684474123539	-0.45196895467018
11.118530884808	-0.211896087340063
11.1686143572621	0.0282714991634569
11.2186978297162	0.268426448090374
11.2687813021703	0.508461408339847
11.3188647746244	0.74826908244681
11.3689482470785	0.987742274544926
11.4190317195326	1.22677393828381
11.4691151919866	1.46525722467966
11.5191986644407	1.70308552987754
11.5692821368948	1.94015254280415
11.6193656093489	2.17635229268963
11.669449081803	2.41157919643734
11.7195325542571	2.64572810582035
11.7696160267112	2.87869435448342
11.8196994991653	3.11037380472974
11.8697829716194	3.3406628940712
11.9198664440735	3.56945868152173
11.9699499165275	3.79665889361255
12.0200333889816	4.02216197010938
12.0701168614357	4.24586710941047
12.1202003338898	4.46767431360578
12.1702838063439	4.68748443317681
12.220367278798	4.90519921131717
12.2704507512521	5.12072132785412
12.3205342237062	5.33395444275147
12.3706176961603	5.54480323917424
12.4207011686144	5.75317346609614
12.4707846410684	5.95897198043035
12.5208681135225	6.1621067886653
12.5709515859766	6.36248708798644
12.6210350584307	6.56002330686578
12.6711185308848	6.7546271451011
12.7212020033389	6.94621161328674
12.771285475793	7.13469107169857
12.8213689482471	7.31998126857562
12.8714524207012	7.50199937778125
12.9215358931553	7.68066403582703
12.9716193656093	7.85589537824293
13.0217028380634	8.02761507527721
13.0717863105175	8.19574636691058
13.1218697829716	8.3602140971684
13.1719532554257	8.52094474771601
13.2220367278798	8.67786647072202
13.2721202003339	8.83090912097479
13.322203672788	8.98000428723791
13.3722871452421	9.12508532283053
13.4223706176962	9.26608737541896
13.4724540901503	9.40294741600612
13.5225375626043	9.53560426710602
13.5726210350584	9.66399863009056
13.6227045075125	9.78807311169644
13.6727879799666	9.90777224968043
13.7228714524207	10.0230425376114
13.7729549248748	10.1338324487881
13.8230383973289	10.2400924592719
13.873121869783	10.3417750700247
13.9232053422371	10.4388348281409
13.9732888146912	10.5312283471655
14.0233722871452	10.618914326488
14.0734557595993	10.7018535698045
14.1235392320534	10.780009002638
14.1736227045075	10.8533456889118
14.2237061769616	10.9218308465656
14.2737896494157	10.9854338622096
14.3238731218698	11.0441263048088
14.3739565943239	11.097881938392
14.424040066778	11.1466767337793
14.4741235392321	11.1904888793238
14.5242070116861	11.2292987906609
14.5742904841402	11.263089119463
14.6243739565943	11.2918447611946
14.6744574290484	11.3155528618635
14.7245409015025	11.3342028237673
14.7746243739566	11.3477863102301
14.8247078464107	11.3562972493296
14.8747913188648	11.3597318366109
14.9248747913189	11.358088536787
14.974958263773	11.3513680844256
15.025041736227	11.3395734836204
15.0751252086811	11.3227100066482
15.1252086811352	11.3007851916123
15.1752921535893	11.273808839073
15.2253756260434	11.2417930076663
15.2754590984975	11.204752008714
15.3255425709516	11.1627023998263
15.3756260434057	11.1156629775003
15.4257095158598	11.0636547687178
15.4757929883139	11.0067010215465
15.5258764607679	10.9448271947473
15.575959933222	10.8780609463946
15.6260434056761	10.8064321215125
15.6761268781302	10.7299727387343
15.7262103505843	10.6487169759893
15.7762938230384	10.5627011552258
15.8263772954925	10.471963726174
15.8764607679466	10.3765452491596
15.9265442404007	10.2764883769723
15.9766277128548	10.1718378358001
16.0267111853088	10.062640405236
16.0767946577629	9.94894489736769
16.126878130217	9.83080213495757
16.1769616026711	9.70826492872503
16.2270450751252	9.58138805373942
16.2771285475793	9.45022822493527
16.3272120200334	9.31484407176029
16.3772954924875	9.17529611196747
16.4273789649416	9.03164672456329
16.4774624373957	8.88396012192372
16.5275459098497	8.73230232109091
16.5776293823038	8.57674111426295
16.6277128547579	8.41734603849036
16.677796327212	8.25418834459236
16.7278797996661	8.08734096530735
16.7779632721202	7.91687848269129
16.8280467445743	7.74287709477902
16.8781302170284	7.56541458152318
16.9282136894825	7.38457027002589
16.9782971619366	7.20042499907903
17.0283806343907	7.01306108302856
17.0784641068447	6.82256227497948
17.1285475792988	6.62901372935753
17.1786310517529	6.43250196384449
17.228714524207	6.23311482070409
17.2787979966611	6.03094142751589
17.3288814691152	5.82607215733455
17.3789649415693	5.61859858829242
17.4290484140234	5.40861346266334
17.4791318864775	5.19621064540619
17.5292153589316	4.98148508220649
17.5792988313856	4.76453275703504
17.6293823038397	4.54545064924224
17.6794657762938	4.32433669020764
17.7295492487479	4.10128971956387
17.779632721202	3.87640944101452
17.8297161936561	3.64979637776587
17.8797996661102	3.42155182759222
17.9298831385643	3.19177781755502
17.9799666110184	2.96057705839601
18.0300500834725	2.72805289862465
18.0801335559265	2.49430927832065
18.1302170283806	2.25945068267194
18.1803005008347	2.02358209526892
18.2303839732888	1.78680895117604
18.2804674457429	1.54923708980156
18.330550918197	1.31097270758642
18.3806343906511	1.07212231053372
18.4307178631052	0.832792666599645
18.4808013355593	0.593090757967459
18.5308848080134	0.353123733225557
18.5809682804674	0.112998859471253
18.6310517529215	-0.127176525638404
18.6811352253756	-0.367295061867383
18.7312186978297	-0.607249414391575
18.7813021702838	-0.846932321778187
18.8313856427379	-1.08623664393258
18.881469115192	-1.32505540999051
18.9315525876461	-1.56328186613509
18.9816360601002	-1.80080952331646
19.0317195325543	-2.03753220485325
19.0818030050083	-2.27334409389444
19.1318864774624	-2.50813978072011
19.1819699499165	-2.74181430986059
19.2320534223706	-2.97426322701226
19.2821368948247	-3.20538262572944
19.3322203672788	-3.43506919387137
19.3823038397329	-3.66322025978353
19.432387312187	-3.88973383819265
19.4824707846411	-4.11450867579492
19.5325542570952	-4.33744429651697
19.5826377295492	-4.55844104642946
19.6327212020033	-4.77740013829316
19.6828046744574	-4.99422369571757
19.7328881469115	-5.20881479691246
19.7829716193656	-5.42107751801258
19.8330550918197	-5.63091697595643
19.8831385642738	-5.83823937089976
19.9332220367279	-6.04295202814467
19.983305509182	-6.244963439566
20.0333889816361	-6.44418330451619
20.0834724540901	-6.64052257019029
20.1335559265442	-6.83389347143333
20.1836393989983	-7.02420956997195
20.2337228714524	-7.21138579305293
20.2838063439065	-7.39533847147148
20.3338898163606	-7.57598537697194
20.3839732888147	-7.75324575900448
20.4340567612688	-7.92704038082114
20.4841402337229	-8.09729155489533
20.534223706177	-8.26392317764875
20.5843071786311	-8.42686076347023
20.6343906510851	-8.5860314780114
20.6844741235392	-8.7413641707442
20.7345575959933	-8.89278940676568
20.7846410684474	-9.04023949783599
20.8347245409015	-9.18364853263549
20.8848080133556	-9.32295240622762
20.9348914858097	-9.45808884871434
20.9849749582638	-9.5889974530712
21.0350584307179	-9.71561970214978
21.085141903172	-9.83789899483524
21.135225375626	-9.95578067134758
21.1853088480801	-10.0692120376748
21.2353923205342	-10.1781423891278
21.2854757929883	-10.2825230330053
21.3355592654424	-10.3823073103605
21.3856427378965	-10.4774506168572
21.4357262103506	-10.5679104227092
21.4858096828047	-10.6536462916906
21.5358931552588	-10.7346198992114
21.5859766277129	-10.8107950494493
21.6360601001669	-10.8821376915287
21.686143572621	-10.9486159347426
21.7362270450751	-11.0102000628071
21.7863105175292	-11.0668625471455
21.8363939899833	-11.1185780591936
21.8864774624374	-11.1653234817214
21.9365609348915	-11.2070779191672
21.9866444073456	-11.2438227069777
22.0367278797997	-11.2755414199516
22.0868113522538	-11.3022198795812
22.1368948247078	-11.3238461603908
22.1869782971619	-11.3404105952673
22.237061769616	-11.3519057797815
22.2871452420701	-11.358326575498
22.3372287145242	-11.3596701122718
22.3873121869783	-11.3559357895318
22.4373956594324	-11.3471252765487
22.4874791318865	-11.3332425116895
22.5375626043406	-11.3142937006561
22.5876460767947	-11.2902873137124
22.6377295492487	-11.261234081897
22.6878130217028	-11.2271469922269
22.7378964941569	-11.1880412818923
22.787979966611	-11.1439344314451
22.8380634390651	-11.0948461569851
22.8881469115192	-11.0407984013469
22.9382303839733	-10.981815324291
22.9883138564274	-10.9179232917044
23.0383973288815	-10.849150863815
23.0884808013356	-10.7755287824245
23.1385642737897	-10.6970899571669
23.1886477462437	-10.6138694507978
23.2387312186978	-10.5259044635207
23.2888146911519	-10.4332343163583
23.338898163606	-10.3359004335759
23.3889816360601	-10.2339463241644
23.4390651085142	-10.1274175623913
23.4891485809683	-10.0163617674287
23.5392320534224	-9.90082858206717
23.5893155258765	-9.78086965052524
23.6393989983306	-9.65653859536372
23.6894824707846	-9.52789099351621
23.7395659432387	-9.39498435144566
23.7896494156928	-9.25787807943867
23.8397328881469	-9.11663346504858
23.889816360601	-8.97131364569944
23.9398998330551	-8.82198358046312
23.9899833055092	-8.66871002102206
24.0400667779633	-8.51156148183091
24.0901502504174	-8.35060820948984
24.1402337228715	-8.1859221513439
24.1903171953255	-8.01757692332199
24.2404006677796	-7.84564777702994
24.2904841402337	-7.6702115661125
24.3405676126878	-7.49134671189914
24.3906510851419	-7.30913316834915
24.440734557596	-7.1236523863116
24.4908180300501	-6.93498727711615
24.5409015025042	-6.7432221755111
24.5909849749583	-6.5484428019651
24.6410684474124	-6.3507362243494
24.6911519198664	-6.15019081901795
24.7412353923205	-5.94689623130236
24.7913188647746	-5.74094333543982
24.8414023372287	-5.53242419395162
24.8914858096828	-5.32143201649054
24.9415692821369	-5.10806111817532
24.991652754591	-4.89240687743115
25.0417362270451	-4.67456569335474
25.0918196994992	-4.45463494262328
25.1419031719533	-4.23271293596621
25.1919866444073	-4.0088988742196
25.2420701168614	-3.78329280398269
25.2921535893155	-3.55599557289612
25.3422370617696	-3.32710878456252
25.3923205342237	-3.0967347531287
25.4424040066778	-2.86497645755053
25.4924874791319	-2.63193749556056
25.542570951586	-2.39772203735902
25.5926544240401	-2.16243477904898
25.6427378964942	-1.92618089583633
25.6928213689482	-1.68906599501572
25.7429048414023	-1.45119606876325
25.7929883138564	-1.21267744675716
25.8430717863105	-0.973616748647691
25.8931552587646	-0.734120836397219
25.9432387312187	-0.494296766512167
25.9933222036728	-0.254251742188013
26.0434056761269	-0.014093065388439
26.093489148581	0.226071911119265
26.1435726210351	0.466135831751832
26.1936560934891	0.705991386098685
26.2437395659432	0.94553135689063
26.2938230383973	1.1846486679267
26.3439065108514	1.42323643193816
26.3939899833055	1.66118799836772
26.4440734557596	1.89839700104336
26.4941569282137	2.13475740572474
26.5442404006678	2.37016355750129
26.5943238731219	2.60451022802083
26.644407345576	2.83769266252739
26.6944908180301	3.06960662668742
26.7445742904841	3.30014845318332
26.7946577629382	3.52921508805354
26.8447412353923	3.75670413675848
26.8948247078464	3.98251390995162
26.9449081803005	4.20654346893548
26.9949916527546	4.42869267078195
27.0450751252087	4.6488622130969
27.0951585976628	4.86695367840928
27.1452420701169	5.08286957816428
27.195325542571	5.29651339630161
27.245409015025	5.50778963239879
27.2954924874791	5.71660384436067
27.3455759599332	5.9228626906358
27.3956594323873	6.12647397194069
27.4457429048414	6.32734667247364
27.4958263772955	6.52539100059959
27.5459098497496	6.72051842898755
27.5959933222037	6.9126417341831
27.6460767946578	7.10167503559782
27.6961602671119	7.28753383389868
27.7462437395659	7.47013504877985
27.79632721202	7.6493970561002
27.8464106844741	7.82523972436998
27.8964941569282	7.99758445057016
27.9465776293823	8.16635419528858
27.9966611018364	8.3314735171572
28.0467445742905	8.49286860657495
28.0968280467446	8.65046731870112
28.1469115191987	8.80419920570479
28.1969949916528	8.95399554825544
28.2470784641068	9.09978938624105
28.2971619365609	9.24151554869981
28.347245409015	9.37911068295195
28.3973288814691	9.51251328291902
28.4474123539232	9.64166371661745
28.4974958263773	9.76650425281456
28.5475792988314	9.88697908683483
28.5976627712855	10.0030343655051
28.6477462437396	10.1146182112271
28.6978297161937	10.2216807451677
28.7479131886477	10.3241741095543
28.7979966611018	10.4220524890685
28.8480801335559	10.515272131325
28.89816360601	10.6037913664303
28.9482470784641	10.6875706256083
28.9983305509182	10.7665724588889
29.0484140233723	10.8407615518476
29.0984974958264	10.9101047413919
29.1485809682805	10.9745710305852
29.1986644407346	11.0341316025027
29.2487479131886	11.0887598331125
29.2988313856427	11.1384313031775
29.3489148580968	11.1831238091702
29.3989983305509	11.2228173731983
29.449081803005	11.2574942519346
29.4991652754591	11.2871389445489
29.5492487479132	11.3117381996367
29.5993322203673	11.3312810211426
29.6494156928214	11.3457586732757
29.6994991652755	11.3551646844147
29.7495826377295	11.3594948500006
29.7996661101836	11.3587472344162
29.8497495826377	11.3529221718515
29.8998330550918	11.3420222661539
29.9499165275459	11.3260523896648
30	11.3050196810412
